100
-98.0000          
1.00000           
1.00000           
1.00000           
1.00000           
1.00000           
1.00000           
1.00000           
1.00000           
1.00000           
1.00000           
1.00000           
1.00000           
1.00000           
1.00000           
1.00000           
1.00000           
1.00000           
1.00000           
1.00000           
1.00000           
1.00000           
1.00000           
1.00000           
1.00000           
1.00000           
1.00000           
1.00000           
1.00000           
1.00000           
1.00000           
1.00000           
1.00000           
1.00000           
1.00000           
1.00000           
1.00000           
1.00000           
1.00000           
1.00000           
1.00000           
1.00000           
1.00000           
1.00000           
1.00000           
1.00000           
1.00000           
1.00000           
1.00000           
1.00000           
1.00000           
1.00000           
1.00000           
1.00000           
1.00000           
1.00000           
1.00000           
1.00000           
1.00000           
1.00000           
1.00000           
1.00000           
1.00000           
1.00000           
1.00000           
1.00000           
1.00000           
1.00000           
1.00000           
1.00000           
1.00000           
1.00000           
1.00000           
1.00000           
1.00000           
1.00000           
1.00000           
1.00000           
1.00000           
1.00000           
1.00000           
1.00000           
1.00000           
1.00000           
1.00000           
1.00000           
1.00000           
1.00000           
1.00000           
1.00000           
1.00000           
1.00000           
1.00000           
1.00000           
1.00000           
1.00000           
1.00000           
1.00000           
1.00000           
1.00000           
